E,376,0,30000
E,676,0,15000
E,588,0,10000
E,311,0,7500
E,748,0,6000
E,731,0,5000
E,181,0,4285
E,61,0,3750
E,788,0,3333
E,490,0,3000
E,21,0,2727
E,415,0,2500
E,735,0,2307
E,772,0,2142
E,137,0,2000
E,411,0,1875
E,569,0,1764
E,23,0,1666
E,794,0,1578
E,687,0,1500
E,632,0,1428
E,162,0,1363
E,13,0,1304
E,593,0,1250
E,429,0,1200
E,330,0,1153
E,242,0,1111
E,54,0,1071
E,189,0,1034
E,506,0,1000
E,181,0,967
E,646,0,937
E,441,0,909
E,792,0,882
E,628,0,857
E,13,0,833
E,105,0,810
E,647,0,789
E,774,0,769
E,125,0,750
E,745,0,731
E,741,0,714
E,554,0,697
E,486,0,681
E,109,0,666
E,31,0,652
E,80,0,638
E,717,0,625
E,165,0,612
E,423,0,600
E,248,0,588
E,577,0,576
E,489,0,566
E,518,0,555
E,237,0,545
E,716,0,535
E,46,0,526
E,24,0,517
E,454,0,508
E,164,0,500
E,531,0,491
E,363,0,483
E,678,0,476
E,568,0,468
E,399,0,461
E,603,0,454
E,562,0,447
E,478,0,441
E,491,0,434
E,47,0,428
E,13,0,422
E,332,0,416
E,146,0,410
E,223,0,405
E,426,0,400
E,156,0,394
E,578,0,389
E,416,0,384
E,191,0,379
E,25,0,375
E,2,0,370
E,512,0,365
E,612,0,361
E,792,0,357
E,783,0,352
E,580,0,348
E,745,0,344
E,584,0,340
E,408,0,337
E,299,0,333
E,425,0,329
E,677,0,326
E,261,0,322
E,406,0,319
E,237,0,315
E,554,0,312
E,376,0,309
E,697,0,306
E,186,0,303
E,577,0,300
E,303,0,297
E,562,0,294
E,40,0,291
E,561,0,288
E,84,0,285
E,100,0,283
E,445,0,280
E,767,0,277
E,348,0,275
E,687,0,272
E,611,0,270
E,28,0,267
E,113,0,265
E,204,0,263
E,765,0,260
E,308,0,258
E,339,0,256
E,107,0,254
E,268,0,252
E,163,0,250
E,707,0,247
E,583,0,245
E,360,0,243
E,579,0,241
E,139,0,240
E,79,0,238
E,42,0,236
E,119,0,234
E,260,0,232
E,416,0,230
E,117,0,229
E,32,0,227
E,462,0,225
E,224,0,223
E,494,0,222
E,165,0,220
E,656,0,218
E,557,0,217
E,26,0,215
E,501,0,214
E,578,0,212
E,18,0,211
E,390,0,209
E,155,0,208
E,422,0,206
E,68,0,205
E,734,0,204
E,492,0,202
E,767,0,201
E,291,0,200
E,168,0,198
E,565,0,197
E,181,0,196
E,565,0,194
E,288,0,193
E,280,0,192
E,619,0,191
E,116,0,189
E,308,0,188
E,792,0,187
E,148,0,186
E,87,0,185
E,83,0,184
E,567,0,182
E,606,0,181
E,788,0,180
E,375,0,179
E,462,0,178
E,323,0,177
E,5,0,176
E,763,0,175
E,726,0,174
E,642,0,173
E,528,0,172
E,213,0,171
E,270,0,170
E,109,0,169
E,369,0,168
E,699,0,167
E,193,0,166
E,692,0,165
E,556,0,164
E,222,0,163
E,332,0,163
E,433,0,162
E,565,0,161
E,134,0,160
E,366,0,159
E,732,0,158
E,207,0,157
E,148,0,157
E,594,0,156
E,456,0,155
E,705,0,154
E,383,0,153
E,677,0,153
E,265,0,152
E,233,0,151
E,109,0,150
E,222,0,150
S,800,287,30000
S,800,100,15000
S,800,171,10000
S,800,386,7500
S,0,296,6000
S,0,176,5000
S,800,341,4285
S,800,381,3750
S,0,3,3333
S,0,471,3000
S,0,305,2727
S,800,351,2500
S,800,306,2307
S,800,374,2142
S,0,194,2000
S,0,158,1875
S,0,57,1764
S,0,198,1666
S,0,76,1578
S,800,336,1500
S,800,21,1428
S,0,480,1363
S,0,444,1304
S,800,28,1250
S,800,337,1200
S,0,43,1153
S,800,64,1111
S,800,170,1071
S,0,105,1034
S,0,200,1000
S,800,203,967
S,800,84,937
S,0,430,909
S,800,245,882
S,800,183,857
S,800,355,833
S,0,434,810
S,800,430,789
S,800,278,769
S,800,117,750
S,0,114,731
S,800,212,714
S,800,310,697
S,0,123,681
S,0,465,666
S,0,26,652
S,0,114,638
S,800,299,625
S,800,277,612
S,0,166,600
S,0,156,588
S,0,80,576
S,800,91,566
S,800,379,555
S,0,246,545
S,0,371,535
S,800,264,526
S,0,83,517
S,0,184,508
S,0,148,500
S,0,465,491
S,800,285,483
S,800,425,476
S,0,204,468
S,0,316,461
S,0,275,454
S,800,332,447
S,800,489,441
S,800,282,434
S,0,429,428
S,800,335,422
S,800,353,416
S,0,118,410
S,0,114,405
S,0,409,400
S,0,232,394
S,0,439,389
S,0,274,384
S,800,133,379
S,0,338,375
S,800,331,370
S,800,425,365
S,0,216,361
S,800,203,357
S,0,38,352
S,0,263,348
S,800,321,344
S,800,383,340
S,0,468,337
S,800,276,333
S,800,3,329
S,800,377,326
S,800,461,322
S,0,64,319
S,800,335,315
S,0,47,312
S,800,325,309
S,800,76,306
S,0,128,303
S,0,264,300
S,800,71,297
S,0,69,294
S,800,97,291
S,800,443,288
S,800,272,285
S,0,154,283
S,800,484,280
S,0,274,277
S,800,346,275
S,0,427,272
S,800,134,270
S,0,100,267
S,0,210,265
S,0,232,263
S,800,233,260
S,0,498,258
S,800,424,256
S,800,237,254
S,800,186,252
S,0,24,250
S,0,19,247
S,800,136,245
S,0,485,243
S,800,436,241
S,0,284,240
S,800,5,238
S,0,109,236
S,0,366,234
S,0,264,232
S,0,84,230
S,0,182,229
S,0,325,227
S,800,238,225
S,0,11,223
S,800,451,222
S,0,277,220
S,0,459,218
S,800,270,217
S,800,114,215
S,0,273,214
S,800,201,212
S,800,435,211
S,800,346,209
S,800,29,208
S,0,21,206
S,0,369,205
S,0,234,204
S,800,370,202
S,0,87,201
S,0,249,200
S,800,130,198
S,800,341,197
S,0,308,196
S,800,14,194
S,800,391,193
S,0,323,192
S,0,132,191
S,800,75,189
S,0,13,188
S,0,408,187
S,0,156,186
S,0,364,185
S,800,43,184
S,0,35,182
S,800,12,181
S,0,466,180
S,0,427,179
S,800,158,178
S,0,240,177
S,0,471,176
S,800,392,175
S,800,492,174
S,0,370,173
S,800,150,172
S,0,101,171
S,800,203,170
S,800,149,169
S,800,66,168
S,800,27,167
S,800,213,166
S,0,358,165
S,0,456,164
S,0,289,163
S,0,361,163
S,800,232,162
S,0,222,161
S,0,442,160
S,800,165,159
S,800,240,158
S,0,211,157
S,800,419,157
S,800,3,156
S,800,107,155
S,800,178,154
S,0,476,153
S,800,475,153
S,0,370,152
S,800,297,151
S,800,46,150
S,800,287,150
